0 34 32 14 62 35 28 37 37 59 43 51 78 54 47 66 35 74 87 14
34 0 63 18 75 34 19 28 8 56 58 44 57 65 65 60 55 88 69 37
32 63 0 61 7 48 50 81 29 49 66 28 54 28 47 60 71 40 57 65
14 18 61 0 91 10 22 80 85 78 51 43 65 29 34 38 51 54 55 71
62 75 7 91 0 55 62 44 87 92 52 54 28 31 25 37 71 30 42 76
35 34 48 10 55 0 36 46 65 59 38 40 38 55 47 45 55 31 24 57
28 19 50 22 62 36 0 61 36 45 29 55 68 65 23 45 35 31 81 26
37 28 81 80 44 46 61 0 62 56 88 51 47 76 44 65 70 28 37 25
37 8 29 85 87 65 36 62 0 66 25 55 93 52 60 81 18 64 41 12
59 56 49 78 92 59 45 56 66 0 52 53 51 24 33 86 35 52 37 32
43 58 66 51 52 38 29 88 25 52 0 63 39 59 43 58 53 5 46 39
51 44 28 43 54 40 55 51 55 53 63 0 59 97 62 65 76 4 19 44
78 57 54 65 28 38 68 47 93 51 39 59 0 78 50 64 90 95 93 55
54 65 28 29 31 55 65 76 52 24 59 97 78 0 71 69 46 46 29 41
47 65 47 34 25 47 23 44 60 33 43 62 50 71 0 40 13 40 32 81
66 60 60 38 37 45 45 65 81 86 58 65 64 69 40 0 51 62 65 46
35 55 71 51 71 55 35 70 18 35 53 76 90 46 13 51 0 45 32 56
74 88 40 54 30 31 31 28 64 52 5 4 95 46 40 62 45 0 29 15
87 69 57 55 42 24 81 37 41 37 46 19 93 29 32 65 32 29 0 63
14 37 65 71 76 57 26 25 12 32 39 44 55 41 81 46 56 15 63 0