0 4 7 2 7 9 2 7 6 7 4 9 7 5 3 5 6 3 8 3
5 0 6 7 5 4 3 8 3 7 6 3 1 4 8 2 8 8 6 3
4 7 0 8 7 5 1 8 1 8 8 2 9 6 4 3 6 1 7 6
1 8 9 0 8 8 7 6 4 6 6 5 1 6 8 5 1 7 7 5
9 2 9 4 0 7 6 7 6 6 5 3 5 3 9 9 6 1 7 4
5 1 5 5 9 0 1 2 4 6 2 3 4 9 2 5 3 4 5 4
7 7 4 2 3 3 0 8 1 7 9 6 3 9 2 6 1 6 2 4
1 6 8 4 6 1 7 0 9 2 7 7 1 4 3 9 2 1 7 6
6 6 9 5 9 5 2 1 0 4 8 9 5 4 7 7 4 6 7 9
8 8 9 1 6 8 8 3 4 0 3 8 9 9 4 4 3 3 1 7
2 5 4 9 2 1 9 6 7 7 0 9 4 7 1 8 3 2 1 5
8 3 8 6 7 2 4 1 2 5 9 0 8 9 2 6 5 1 5 6
9 6 6 5 3 7 3 3 4 7 1 7 0 8 6 7 7 1 3 6
9 7 5 8 6 2 6 6 8 3 8 2 1 0 6 5 1 1 4 1
1 3 8 7 5 1 6 8 7 1 5 8 9 7 0 1 3 8 9 6
6 7 5 4 6 5 9 5 2 8 7 6 7 3 3 0 4 7 5 9
6 9 4 8 6 9 5 8 6 3 7 7 8 5 1 9 0 6 5 5
7 6 5 1 3 6 2 3 6 3 8 9 9 1 2 6 5 0 3 3
6 7 4 5 5 6 2 1 4 4 5 6 9 4 2 3 3 9 0 9
5 4 2 7 7 3 3 3 6 2 3 2 6 5 5 7 8 8 9 0